0000000000000000000000000000000000000000000000000000000000000000
0000000000000000000000000000000000000000000000000000000000000000
0000000000000000000000000000000000000000000000000000000000000000
11111111111111D0000000000000000000000000000000000000000000000000
0000000000000020000000000000000000000000000000000000000000000000
0000000000000020000000000000000000000000000000000000000000000000
0000000000000020000000000000000000000000000000000000000000000000
0000000000000020000000000000000000000000000000000000000000000000
0000000000000020000000000000000000000000000000000000000000000000
0000000000000020000000000000000000000000000000000000000000000000
0000000000000020000000000000000000000000000000000000000000000000
0000000000000020000000000000000000000000000000000000000000000000
0000000000000020000000000000000000000000000000000000000000000000
0000000000000020000000000000000000000000000000000000000000000000
00000000000000R1111111111111111111D00000000000000000000000000000
0000000000000000000000000000000000200000000000000000000000000000
0000000000000000000000000000000000200000000000000000000000000000
0000000000000000000000000000000000200000000000000000000000000000
0000000000000000000000000000000000200000000000000000000000000000
0000000000000000000000000000000000200000000000000000000000000000
0000000000000000000000000000000000200000000000000000000000000000
0000000000000000000000000000000000R11111111111111111111111111140
0000000000000000000000000000000000000000000000000000000000000000
0000000000000000000000000000000000000000000000000000000000000000
0000000000000000000000000000000000000000000000000000000000000000
0000000000000000000000000000000000000000000000000000000000000000
0000000000000000000000000000000000000000000000000000000000000000
0000000000000000000000000000000000000000000000000000000000000000
0000000000000000000000000000000000000000000000000000000000000000
0000000000000000000000000000000000000000000000000000000000000000
0000000000000000000000000000000000000000000000000000000000000000
0000000000000000000000000000000000000000000000000000000000000000
0000000000000000000000000000000000000000000000000000000000000000
0000000000000000000000000000000000000000000000000000000000000000
0000000000000000000000000000000000000000000000000000000000000000
0000000000000000000000000000000000000000000000000000000000000000
